-8 -5 0 0 
-7.99786 -4.99966 0.23928 0.0433647 
-7.99182 -4.9973 0.478559 0.0867295 
-7.97612 -4.98744 0.618199 0.284151 
-7.94672 -4.96297 0.757838 0.481572 
-7.90766 -4.92012 0.897477 0.678993 
-7.86375 -4.85601 1.03712 0.876414 
-7.82036 -4.76877 1.17676 1.07383 
-7.78325 -4.65764 1.3164 1.27126 
-7.73635 -4.52926 1.12917 1.46641 
-7.65644 -4.39508 0.941949 1.66157 
-7.54006 -4.26351 0.754726 1.85673 
-7.39221 -4.15122 0.544407 1.86322 
-7.22359 -4.07201 0.334087 1.8697 
-7.04151 -4.02959 0.123768 1.87619 
-6.84874 -4.03055 -0.131158 1.98974 
-6.65149 -4.08298 -0.386084 2.1033 
-6.46397 -4.18902 -0.64101 2.21685 
-6.30447 -4.33954 -0.872521 2.17918 
-6.18583 -4.5195 -1.10403 2.14151 
-6.11294 -4.71836 -1.33554 2.10384 
-6.08806 -4.9249 -1.56706 2.06617 
-6.05663 -5.13059 -1.27226 2.11051 
-5.96488 -5.32226 -0.97746 2.15484 
-5.81842 -5.48226 -0.682662 2.19918 
-5.62799 -5.59506 -0.387864 2.24352 
-5.41791 -5.64814 -0.104035 2.10455 
-5.21522 -5.64078 0.179794 1.96559 
-5.03584 -5.58134 0.463623 1.82662 
-4.89167 -5.48193 0.747452 1.68766 
-4.78982 -5.35688 1.03128 1.5487 
-4.73244 -5.22108 1.31511 1.40973 
-4.71695 -5.0884 1.59894 1.27077 
-4.70315 -4.96986 1.305 1.12481 
-4.66144 -4.87371 1.01106 0.978846 
-4.6031 -4.80484 0.717117 0.832885 
-4.53955 -4.76367 0.423176 0.686924 
-4.48079 -4.74664 0.129235 0.540963 
-4.4188 -4.74357 -0.0237634 0.701513 
-4.34112 -4.75159 -0.176762 0.862063 
-4.25003 -4.77538 -0.329761 1.02261 
-4.1489 -4.81911 -0.48276 1.18316 
-4.04201 -4.88625 -0.635758 1.34371 
-3.93447 -4.97938 -0.788757 1.50426 
-3.81019 -5.07534 -0.530123 1.64499 
-3.65257 -5.1418 -0.271489 1.78571 
-3.4693 -5.16773 -0.0128555 1.92644 
-3.27156 -5.14429 0.245778 2.06716 
-3.07334 -5.06592 0.504412 2.20789 
-2.87791 -4.98324 0.293315 2.04381 
-2.6856 -4.94641 0.0822177 1.87974 
-2.5062 -4.95031 -0.12888 1.71567 
-2.34753 -4.9879 -0.339977 1.55159 
-2.21505 -5.05085 -0.551074 1.38752 
-2.09792 -5.10391 -0.293092 1.19122 
-1.99045 -5.12214 -0.0351105 0.994911 
-1.90138 -5.11417 0.222871 0.798606 
-1.83566 -5.09049 0.480853 0.602301 
-1.78454 -5.05891 0.62597 0.600555 
-1.73866 -5.02038 0.771086 0.598809 
-1.69894 -4.97575 0.916203 0.597063 
-1.66035 -4.93545 0.692988 0.521274 
-1.62012 -4.90884 0.469774 0.445485 
-1.58207 -4.89445 0.24656 0.369695 
-1.54928 -4.88985 0.0233453 0.293906 
-1.51128 -4.89208 -0.128678 0.468145 
-1.45701 -4.90357 -0.280702 0.642383 
-1.38879 -4.92923 -0.432725 0.816621 
-1.31005 -4.9734 -0.584748 0.990859 
-1.22516 -5.03966 -0.736772 1.1651 
-1.13931 -5.13066 -0.888795 1.33934 
-1.05833 -5.24792 -1.04082 1.51357 
-0.970947 -5.36034 -0.77402 1.34258 
-0.870689 -5.43556 -0.50722 1.17158 
-0.77002 -5.47546 -0.240421 1.00058 
-0.661058 -5.4866 0.0286161 1.19663 
-0.533768 -5.4652 0.297653 1.39268 
-0.398995 -5.40255 0.566691 1.58873 
-0.270788 -5.29373 0.835728 1.78478 
-0.165074 -5.13861 1.10477 1.98083 
-0.0844465 -4.95882 1.19385 1.96138 
-0.0207691 -4.7744 1.28294 1.94193 
0.02578 -4.58694 1.37203 1.92248 
0.0551673 -4.398 1.46111 1.90303 
0.0675015 -4.20913 1.5502 1.88358 
0.06303 -4.02186 1.63929 1.86414 
0.0421343 -3.83766 1.72838 1.84469 
0.00532363 -3.65796 1.81746 1.82524 
-0.0611174 -3.47829 2.02908 2.01312 
-0.142469 -3.29206 1.93652 2.0528 
-0.207506 -3.09534 1.84396 2.09249 
-0.254976 -2.88959 1.75141 2.13217 
-0.283757 -2.6764 1.65885 2.17185 
-0.292876 -2.45749 1.56629 2.21154 
-0.281524 -2.23473 1.47374 2.25122 
-0.249063 -2.01003 1.38118 2.2909 
-0.178741 -1.80015 1.11093 2.14957 
-0.0628357 -1.62833 0.840686 2.00824 
0.050991 -1.46837 1.06552 1.92652 
0.123168 -1.2946 1.29036 1.8448 
0.153422 -1.11714 1.5152 1.76308 
0.14891 -0.937368 1.67548 1.83739 
0.138443 -0.759157 1.58255 1.73425 
0.1442 -0.591047 1.48963 1.63112 
0.164219 -0.434423 1.3967 1.52798 
0.196429 -0.290394 1.30378 1.42484 
0.238686 -0.159782 1.21085 1.3217 
0.288805 -0.0431246 1.11792 1.21856 
0.344595 0.0593272 1.025 1.11542 
0.396649 0.150863 1.08363 0.990904 
0.437745 0.234124 1.14226 0.866385 
0.469053 0.308179 1.20089 0.741867 
0.491809 0.372207 1.25952 0.617348 
0.50731 0.425499 1.31815 0.492829 
0.516904 0.467467 1.37678 0.36831 
0.521981 0.497644 1.43541 0.243792 
0.523963 0.515686 1.49405 0.119273 
0.522896 0.528716 1.80165 0.143225 
0.521269 0.540205 1.60609 0.0892168 
0.52157 0.54641 1.41053 0.0352086 
0.521694 0.547224 1.21497 -0.0187996 
0.519611 0.543152 1.0194 -0.0728079 
0.513516 0.535267 0.823843 -0.126816 
0.501974 0.525136 0.628282 -0.180824 
0.484031 0.514714 0.432721 -0.234833 
0.464851 0.507282 0.300405 -0.176866 
0.45728 0.504137 0.603466 0.0125607 
0.464736 0.511808 0.906527 0.201987 
0.479872 0.533631 1.01369 0.32943 
0.498733 0.568105 1.12085 0.456872 
0.518717 0.616149 1.22802 0.584315 
0.53708 0.678265 1.33518 0.711758 
0.551 0.754515 1.44234 0.8392 
0.557637 0.84452 1.54951 0.966643 
0.554199 0.94745 1.65667 1.09409 
0.538 1.06204 1.76383 1.22153 
0.506528 1.18658 1.871 1.34897 
0.457503 1.319 1.97816 1.47641 
0.400031 1.46327 1.92255 1.62984 
0.345783 1.62505 1.86695 1.78327 
0.296543 1.80439 1.81134 1.93669 
0.254106 2.00118 1.75574 2.09012 
0.220272 2.21517 1.70013 2.24354 
0.196828 2.44598 1.64453 2.39697 
0.185544 2.69306 1.58892 2.5504 
0.188157 2.95572 1.53331 2.70382 
0.215248 3.22729 1.40983 2.75788 
0.276776 3.49872 1.28634 2.81194 
0.373102 3.76558 1.16285 2.866 
0.50401 4.02336 1.03936 2.92006 
0.668695 4.26754 0.915869 2.97411 
0.867373 4.47715 0.706515 2.81257 
1.0647 4.66358 0.808731 2.61913 
1.22935 4.85452 0.910948 2.42568 
1.36261 5.04541 1.01316 2.23224 
1.46631 5.23198 1.11538 2.0388 
1.57361 5.39902 0.882317 1.9408 
1.70954 5.52998 0.649254 1.84281 
1.86362 5.62104 0.41619 1.74481 
2.02522 5.67117 0.183127 1.64681 
2.19606 5.67837 -0.0951367 1.78409 
2.37562 5.63519 -0.3734 1.92137 
2.54242 5.55965 -0.478785 1.74263 
2.68496 5.47604 -0.58417 1.56388 
2.80354 5.38852 -0.689554 1.38513 
2.91626 5.3127 -0.493494 1.33614 
3.03708 5.26218 -0.297434 1.28715 
3.16063 5.23713 -0.101374 1.23816 
3.28328 5.2225 -0.136058 1.23247 
3.4048 5.20372 -0.170743 1.22679 
3.52503 5.18083 -0.205427 1.22111 
3.64384 5.15392 -0.240112 1.21542 
3.76109 5.12305 -0.274796 1.20974 
3.87666 5.0883 -0.309481 1.20405 
3.99042 5.04974 -0.344165 1.19837 
4.10224 5.00746 -0.378849 1.19269 
4.212 4.96154 -0.413534 1.187 
4.3173 4.92216 -0.300131 1.06256 
4.4143 4.89795 -0.186727 0.938113 
4.50109 4.88648 -0.0733241 0.813668 
4.57579 4.88757 0.107787 0.682594 
4.63625 4.89952 0.288897 0.55152 
4.69407 4.91283 0.166315 0.635948 
4.76148 4.91985 0.0437319 0.720376 
4.83768 4.91842 -0.0788507 0.804805 
4.92149 4.90651 -0.201433 0.889233 
5.01136 4.88225 -0.324016 0.973661 
5.1054 4.84402 -0.446599 1.05809 
5.20144 4.79046 -0.569181 1.14252 
5.29703 4.72059 -0.691764 1.22694 
5.37878 4.64127 -0.852974 1.05366 
5.43644 4.56377 -1.01418 0.88037 
5.47298 4.4934 -1.17539 0.707082 
5.49239 4.43455 -1.3366 0.533794 
5.49945 4.39044 -1.49782 0.360507 
5.49947 4.36308 -1.65903 0.187219 
5.49956 4.34149 -1.48224 0.245189 
5.50447 4.31455 -1.30546 0.303158 
5.51604 4.28346 -1.12867 0.361127 
5.53582 4.2499 -0.951887 0.419096 
5.5614 4.21938 -0.79196 0.37816 
5.58842 4.196 -0.632033 0.337224 
5.61533 4.17935 -0.472106 0.296287 
5.64077 4.16877 -0.31218 0.255351 
5.66359 4.16332 -0.152253 0.214414 
5.6948 4.1618 0.0353745 0.411473 
5.735 4.16265 0.00663904 0.392719 
5.77333 4.16236 -0.0220964 0.373965 
5.80977 4.16104 -0.0508319 0.355211 
5.84428 4.15879 -0.0795673 0.336456 
5.87684 4.15572 -0.108303 0.317702 
5.90744 4.15196 -0.137038 0.298948 
5.94597 4.14932 -0.00937252 0.474049 
6.002 4.15256 0.118293 0.649151 
6.07437 4.16608 0.245959 0.824252 
6.16109 4.19403 0.373624 0.999354 
6.2594 4.24021 0.50129 1.17445 
6.36581 4.30791 0.628956 1.34956 
6.48203 4.37603 0.431363 1.34914 
6.60933 4.42 0.23377 1.34872 
6.74273 4.43811 0.0361778 1.3483 
6.87088 4.44122 0.0118888 1.21551 
6.98579 4.44122 -0.0124002 1.08273 
7.08739 4.43875 -0.0366892 0.949952 
7.17564 4.43447 -0.0609782 0.817171 
7.25052 4.42901 -0.0852672 0.68439 
7.31203 4.42302 -0.109556 0.551609 
7.3602 4.41716 -0.133845 0.418828 
7.39507 4.41206 -0.158134 0.286047 
7.42075 4.4065 -0.272005 0.239799 
7.44126 4.39954 -0.385876 0.193551 
7.45667 4.39228 -0.499747 0.147303 
7.46723 4.38576 -0.613618 0.101055 
7.47336 4.38096 -0.727489 0.0548072 
7.48357 4.37398 -0.511606 0.192895 
7.5077 4.36394 -0.295723 0.330983 
7.54697 4.35673 -0.0798401 0.469071 
7.58956 4.35687 0.0922529 0.383602 
7.62308 4.36279 0.264346 0.298133 
7.65686 4.37494 0.417536 0.420517 
7.69915 4.3979 0.570726 0.542902 
7.7489 4.42146 0.315226 0.560885 
7.80474 4.43201 0.059727 0.578868 
7.86323 4.42799 -0.195772 0.596851 
7.9205 4.40875 -0.451272 0.614834 
7.97255 4.37467 -0.706771 0.632818 
8.01846 4.33789 -0.642408 0.543899 
8.05936 4.30924 -0.578044 0.45498 
8.09442 4.28789 -0.51368 0.366061 
8.11978 4.2688 -0.790522 0.270796 
8.13327 4.25111 -1.06736 0.175531 
8.13803 4.23928 -1.34421 0.0802658 
8.13853 4.23606 -1.62105 -0.0149993 
8.13872 4.24313 -1.58305 -0.12653 
8.13856 4.26136 -1.54506 -0.23806 
8.13721 4.29071 -1.50706 -0.349591 
8.13383 4.3311 -1.46907 -0.461121 
8.12757 4.38241 -1.43107 -0.572652 
8.1176 4.44445 -1.39308 -0.684182 
8.1031 4.51701 -1.35509 -0.795713 
8.08527 4.5859 -1.27691 -0.627915 
8.0676 4.63734 -1.19873 -0.460118 
8.05267 4.67186 -1.12055 -0.29232 
8.04297 4.6903 -1.04237 -0.124523 
8.03665 4.69973 -0.914876 -0.10259 
8.03064 4.70663 -0.78738 -0.0806566 
8.02543 4.71126 -0.659885 -0.0587234 
8.0215 4.71396 -0.53239 -0.0367902 
8.0192 4.71515 -0.404894 -0.0148571 
8.01885 4.7153 -0.277399 0.00707607 
8.02061 4.71494 -0.149903 0.0290092 
8.02459 4.71462 -0.0224079 0.0509424 