-8 -5 0 0 
-8.00576 -5.00116 0.296717 -0.11787 
-8.02154 -5.009 0.593434 -0.235739 
-8.04299 -5.02905 0.890152 -0.353609 
-8.0636 -5.06462 1.18687 -0.471478 
-8.07565 -5.11607 1.48359 -0.589348 
-8.07141 -5.18052 1.7803 -0.707217 
-8.0444 -5.25192 2.07702 -0.825087 
-7.99055 -5.32162 2.37374 -0.942957 
-7.9091 -5.37934 2.67046 -1.06083 
-7.79944 -5.4154 2.96891 -1.25659 
-7.68364 -5.43188 3.03312 -1.08305 
-7.58433 -5.43957 3.09733 -0.909509 
-7.49366 -5.45285 2.89561 -0.926275 
-7.40592 -5.4846 2.69389 -0.943041 
-7.32489 -5.53415 2.49217 -0.959807 
-7.23452 -5.58867 2.69895 -1.15496 
-7.1165 -5.62997 2.90572 -1.35012 
-6.99007 -5.65691 2.95828 -1.23556 
-6.87371 -5.67538 3.01085 -1.12101 
-6.76794 -5.68653 3.06341 -1.00646 
-6.67316 -5.6915 3.11598 -0.891904 
-6.59263 -5.6938 3.10993 -0.719277 
-6.52937 -5.69598 3.10388 -0.546649 
-6.48338 -5.69785 3.09783 -0.374021 
-6.45464 -5.69919 3.09178 -0.201394 
-6.43458 -5.70325 2.79325 -0.209414 
-6.41591 -5.71342 2.49473 -0.217434 
-6.40049 -5.7292 2.1962 -0.225454 
-6.39003 -5.74953 1.89767 -0.233474 
-6.38587 -5.77282 1.59915 -0.241494 
-6.38884 -5.7971 1.30062 -0.249514 
-6.39249 -5.81368 1.42681 -0.0903141 
-6.39275 -5.81473 1.55299 0.0688862 
-6.39359 -5.79992 1.67918 0.228086 
-6.399 -5.76965 1.80536 0.387287 
-6.41284 -5.72509 1.93155 0.546487 
-6.43873 -5.66813 2.05773 0.705687 
-6.47989 -5.60132 2.18392 0.864888 
-6.53909 -5.5278 2.3101 1.02409 
-6.60145 -5.44404 2.11274 1.06773 
-6.64803 -5.34575 1.91537 1.11138 
-6.6755 -5.236 1.718 1.15502 
-6.68113 -5.11864 1.52063 1.19867 
-6.66299 -4.99814 1.32327 1.24231 
-6.62009 -4.87945 1.1259 1.28596 
-6.5539 -4.7783 0.851198 1.13944 
-6.47378 -4.70845 0.576497 0.992926 
-6.38383 -4.66572 0.311054 1.00472 
-6.28043 -4.63944 0.189051 1.13031 
-6.16215 -4.62434 0.067049 1.25589 
-6.03037 -4.62367 -0.0549534 1.38147 
-5.88702 -4.6405 -0.176956 1.50705 
-5.73458 -4.6776 -0.298958 1.63263 
-5.57605 -4.7374 -0.420961 1.75822 
-5.40931 -4.79242 -0.216503 1.75941 
-5.24115 -4.83292 -0.256428 1.70021 
-5.08044 -4.87849 -0.296353 1.64101 
-4.92729 -4.92859 -0.336277 1.58182 
-4.78182 -4.98271 -0.376202 1.52262 
-4.64408 -5.0403 -0.416127 1.46343 
-4.51412 -5.10084 -0.456051 1.40423 
-4.39194 -5.16381 -0.495976 1.34504 
-4.27751 -5.22869 -0.535901 1.28584 
-4.1708 -5.29495 -0.575826 1.22665 
-4.07172 -5.36211 -0.61575 1.16745 
-3.97753 -5.42991 -0.632101 1.15365 
-3.88556 -5.49841 -0.648452 1.13985 
-3.78682 -5.56478 -0.536644 1.24078 
-3.67235 -5.62437 -0.424835 1.34171 
-3.54253 -5.67447 -0.313026 1.44264 
-3.39818 -5.71232 -0.201217 1.54357 
-3.24053 -5.7353 -0.0894078 1.6445 
-3.07121 -5.74088 0.0224012 1.74543 
-2.89227 -5.72675 0.13421 1.84636 
-2.70612 -5.69083 0.246019 1.94729 
-2.51551 -5.63136 0.357828 2.04822 
-2.32349 -5.54695 0.469637 2.14915 
-2.13332 -5.45305 0.447542 2.09265 
-1.94624 -5.36577 0.425447 2.03615 
-1.76246 -5.28492 0.403352 1.97965 
-1.58215 -5.2103 0.381257 1.92315 
-1.40551 -5.14173 0.359162 1.86665 
-1.23482 -5.07875 0.347695 1.77214 
-1.07232 -5.0209 0.336228 1.67763 
-0.918107 -4.96799 0.324761 1.58313 
-0.772273 -4.91981 0.313294 1.48862 
-0.634904 -4.87616 0.301827 1.39411 
-0.506083 -4.83686 0.290359 1.2996 
-0.38589 -4.80168 0.278892 1.20509 
-0.273206 -4.77467 0.190507 1.11319 
-0.167666 -4.75905 0.102121 1.02129 
-0.0737965 -4.75154 0.0562295 0.862267 
0.00442664 -4.74887 0.0103379 0.703241 
0.0667897 -4.7496 -0.0355537 0.544215 
0.11318 -4.75226 -0.0814453 0.385188 
0.148537 -4.75378 -0.00255732 0.32279 
0.17767 -4.75275 0.0763306 0.260391 
0.200434 -4.75014 0.155219 0.197992 
0.216802 -4.74696 0.234107 0.135594 
0.226862 -4.74418 0.312995 0.0731952 
0.230817 -4.74277 0.391882 0.0107965 
0.228981 -4.74366 0.47077 -0.0516022 
0.215561 -4.74827 0.239933 -0.232732 
0.18351 -4.75193 0.00909562 -0.413861 
0.1335 -4.74624 -0.221742 -0.594991 
0.069063 -4.72328 -0.452579 -0.77612 
-0.00364743 -4.67647 -0.683417 -0.95725 
-0.0763254 -4.60131 -0.914254 -1.13838 
-0.139189 -4.49603 -1.14509 -1.31951 
-0.181817 -4.36195 -1.37593 -1.50064 
-0.19407 -4.20365 -1.60677 -1.68177 
-0.167057 -4.02889 -1.8376 -1.8629 
-0.135965 -3.84218 -1.63519 -1.92929 
-0.143289 -3.6464 -1.43277 -1.99568 
-0.191392 -3.44965 -1.23035 -2.06207 
-0.25391 -3.25782 -1.28151 -1.97354 
-0.307488 -3.06366 -1.32133 -2.05509 
-0.355149 -2.85958 -1.36115 -2.13664 
-0.396186 -2.64576 -1.40097 -2.2182 
-0.429896 -2.4224 -1.44079 -2.29975 
-0.455585 -2.18978 -1.48061 -2.3813 
-0.472565 -1.94818 -1.52043 -2.46286 
-0.480162 -1.69795 -1.56025 -2.54441 
-0.500606 -1.43926 -1.42453 -2.64949 
-0.558092 -1.17546 -1.28882 -2.75456 
-0.654339 -0.911995 -1.15311 -2.85963 
-0.790247 -0.654689 -1.0174 -2.96471 
-0.913694 -0.393942 -1.24175 -2.81727 
-0.972873 -0.126634 -1.4661 -2.66983 
-0.97121 0.132427 -1.69045 -2.52239 
-0.915335 0.370307 -1.91481 -2.37495 
-0.81442 0.576585 -2.13916 -2.22751 
-0.679399 0.743807 -2.36351 -2.08006 
-0.529287 0.879284 -2.45212 -1.96539 
-0.376934 0.994051 -2.54074 -1.85072 
-0.224755 1.08883 -2.62935 -1.73605 
-0.0750173 1.1646 -2.71797 -1.62138 
0.0701902 1.22257 -2.80658 -1.5067 
0.21063 1.28897 -2.5956 -1.60594 
0.341927 1.38931 -2.38462 -1.70517 
0.455744 1.52244 -2.17364 -1.8044 
0.543881 1.68516 -1.96266 -1.90363 
0.598785 1.87223 -1.75168 -2.00286 
0.614042 2.07653 -1.54069 -2.1021 
0.584837 2.28931 -1.32971 -2.20133 
0.508355 2.50057 -1.11873 -2.30056 
0.411604 2.7055 -1.14078 -2.23191 
0.322188 2.90624 -1.16282 -2.16325 
0.239872 3.10257 -1.18487 -2.0946 
0.164418 3.29428 -1.20692 -2.02595 
0.0955811 3.48116 -1.22896 -1.9573 
0.0331103 3.66302 -1.25101 -1.88864 
-0.00820018 3.84847 -1.45171 -1.91764 
-0.011764 4.04133 -1.65242 -1.94663 
0.023716 4.23387 -1.85313 -1.97563 
0.0979502 4.41816 -2.05384 -2.00462 
0.209029 4.58637 -2.25454 -2.03362 
0.353456 4.7311 -2.45525 -2.06261 
0.506096 4.85826 -2.43857 -1.91076 
0.645092 4.97803 -2.42189 -1.7589 
0.770735 5.09 -2.40521 -1.60705 
0.883328 5.19376 -2.38853 -1.4552 
0.983183 5.2889 -2.37185 -1.30334 
1.07062 5.37504 -2.35517 -1.15149 
1.14597 5.45179 -2.33849 -0.999637 
1.20958 5.51877 -2.32181 -0.847784 
1.26179 5.57561 -2.30513 -0.69593 
1.31812 5.62485 -2.53599 -0.803674 
1.39371 5.66494 -2.76686 -0.911418 
1.48686 5.68944 -2.99772 -1.01916 
1.5799 5.7063 -2.9251 -0.872327 
1.65726 5.72619 -2.85249 -0.725492 
1.71906 5.74695 -2.77987 -0.578656 
1.76565 5.76644 -2.70725 -0.431821 
1.79763 5.78261 -2.63463 -0.284986 
1.81578 5.79347 -2.56201 -0.138151 
1.82112 5.79714 -2.48939 0.00868464 
1.81483 5.79185 -2.41677 0.15552 
1.79832 5.776 -2.34416 0.302355 
1.77387 5.75137 -2.36013 0.391805 
1.74263 5.72088 -2.3761 0.481254 
1.70441 5.68475 -2.39207 0.570704 
1.65902 5.64319 -2.40805 0.660153 
1.60628 5.59643 -2.42402 0.749603 
1.54601 5.54469 -2.43999 0.839052 
1.48806 5.48144 -2.18706 0.881012 
1.44582 5.40202 -1.93414 0.922971 
1.42381 5.31048 -1.68121 0.96493 
1.42548 5.21217 -1.42828 1.00689 
1.45281 5.11337 -1.17535 1.04885 
1.50608 5.02092 -0.922427 1.09081 
1.58371 4.94175 -0.669499 1.13277 
1.68227 4.88236 -0.416572 1.17473 
1.79587 4.84712 -0.186227 1.20927 
1.92032 4.83016 -0.0859893 1.30388 
2.0553 4.82539 0.0142487 1.39849 
2.19951 4.83477 0.114487 1.49309 
2.3514 4.86007 0.214725 1.5877 
2.50351 4.8852 0.111594 1.4972 
2.64838 4.89398 0.00846335 1.40669 
2.78434 4.88819 -0.0946673 1.31619 
2.91003 4.86976 -0.197798 1.22569 
3.02439 4.84072 -0.300928 1.13518 
3.12666 4.80318 -0.404059 1.04468 
3.2164 4.75929 -0.50719 0.954176 
3.29348 4.71119 -0.61032 0.863673 
3.35806 4.66098 -0.713451 0.77317 
3.41468 4.6218 -0.488056 0.606812 
3.46318 4.60235 -0.26266 0.440455 
3.50331 4.59322 -0.182748 0.382791 
3.53833 4.58815 -0.102835 0.325127 
3.56789 4.58625 -0.022922 0.267463 
3.60458 4.58718 0.065613 0.466749 
3.66084 4.59354 0.154148 0.666036 
3.73585 4.60877 0.242683 0.865322 
3.82833 4.63621 0.331218 1.06461 
3.93656 4.67903 0.419753 1.26389 
4.05338 4.72323 0.303195 1.23566 
4.17182 4.75286 0.186638 1.20743 
4.2901 4.76815 0.0700802 1.1792 
4.40653 4.76955 -0.0464774 1.15097 
4.51953 4.7577 -0.163035 1.12273 
4.62763 4.73341 -0.279593 1.0945 
4.72951 4.69764 -0.39615 1.06627 
4.82401 4.65151 -0.512708 1.03804 
4.91013 4.59622 -0.629265 1.0098 
4.98705 4.53309 -0.745823 0.981572 
5.04976 4.4699 -0.835651 0.79948 
5.09495 4.41538 -0.925479 0.617387 
5.14427 4.3657 -0.663173 0.786733 
5.21934 4.32194 -0.400867 0.956078 
5.31947 4.29464 -0.138562 1.12542 
5.43566 4.2882 0.0259498 1.20466 
5.55921 4.30173 0.190461 1.28389 
5.6865 4.33744 0.354972 1.36313 
5.80488 4.3892 0.471337 1.22243 
5.90433 4.44724 0.587702 1.08173 
5.98513 4.50797 0.704066 0.941038 
6.05877 4.5629 0.576714 0.897511 
6.13499 4.60589 0.449361 0.853984 
6.21203 4.63722 0.322009 0.810457 
6.28822 4.6574 0.194656 0.76693 
6.36204 4.66717 0.0673036 0.723403 
6.43216 4.66747 -0.0600489 0.679876 
6.49743 4.6594 -0.187401 0.636349 
6.56006 4.64817 -0.167519 0.636292 
6.6229 4.63819 -0.147636 0.636236 
6.68591 4.62945 -0.127753 0.636179 
6.74909 4.62198 -0.10787 0.636123 
6.81239 4.61576 -0.0879872 0.636066 
6.8758 4.6108 -0.0681044 0.63601 
6.93929 4.6071 -0.0482215 0.635953 
7.00283 4.60467 -0.0283387 0.635897 
7.06641 4.6035 -0.00845582 0.63584 
7.12999 4.60359 0.011427 0.635784 
7.19209 4.6005 -0.111781 0.608641 
7.25068 4.59027 -0.23499 0.581497 
7.30496 4.57371 -0.358198 0.554354 
7.3581 4.55908 -0.178836 0.549476 
7.41252 4.55421 0.000526338 0.544598 
7.46644 4.55908 0.179888 0.539721 
7.51816 4.57336 0.359251 0.534843 
7.56606 4.59643 0.538613 0.529966 
7.60869 4.62739 0.717975 0.525088 
7.64477 4.6651 0.897337 0.52021 
7.6785 4.70223 0.76755 0.483676 
7.71397 4.73231 0.637764 0.447141 
7.74996 4.75558 0.507977 0.410606 
7.78537 4.77242 0.37819 0.374071 
7.81918 4.78342 0.248404 0.337537 
7.85054 4.78928 0.118617 0.301002 
7.87875 4.79083 -0.0111697 0.264467 
7.90329 4.789 -0.140956 0.227932 
7.9238 4.78476 -0.270743 0.191398 
7.94015 4.7791 -0.40053 0.154863 
7.95839 4.77431 -0.129133 0.223396 
7.9787 4.77144 -0.152717 0.186763 
7.99531 4.76869 -0.176301 0.15013 
8.00826 4.76623 -0.199884 0.113497 
8.01757 4.76424 -0.223468 0.0768636 
8.02327 4.76288 -0.247051 0.0402304 
8.02539 4.76233 -0.270635 0.00359719 
8.02397 4.76274 -0.294219 -0.033036 
8.01908 4.7643 -0.317802 -0.0696692 
8.01655 4.76512 -0.311244 0.0164457 
8.01775 4.76477 -0.261594 0.00863797 
8.01821 4.76465 -0.211944 0.0008302 
8.01791 4.76471 -0.162293 -0.00697757 
8.01683 4.76485 -0.112643 -0.0147853 
8.01497 4.76501 -0.0629923 -0.0225931 
8.01232 4.76511 -0.0133419 -0.0304009 
8.01144 4.76512 0.00149229 0.0127087 
8.01245 4.76513 0.00745663 0.00746413 
8.01293 4.76513 0.013421 0.00221957 
8.01289 4.76513 0.0193853 -0.00302499 
8.01322 4.76513 0.000643629 0.00957674 