-1.5708 0 
-1.54726 0.466785 
-1.47896 0.888188 
-1.39979 0.682321 
-1.34468 0.410983 
-1.3189 0.100608 
-1.32488 -0.219269 
-1.36206 -0.51841 
-1.42691 -0.768134 
-1.51321 -0.943865 
-1.61262 -1.02796 
-1.71546 -1.01221 
-1.82528 -1.16648 
-1.94509 -1.21108 
-2.06383 -1.14605 
-2.13908 -0.348318 
-2.13253 0.47838 
-2.04473 1.26515 
-1.88318 1.94143 
-1.66246 2.43759 
-1.40354 2.69851 
-1.13138 2.70217 
-0.871047 2.46877 
-0.669937 1.53064 
-0.568071 0.497071 
-0.571416 -0.563678 
-0.679789 -1.59346 
-0.886788 -2.52275 
-1.17793 -3.25925 
-1.52885 -3.70337 
-1.90664 -3.79136 
-2.27555 -3.53468 
-2.60481 -3.01598 
-2.86292 -2.12968 
-3.02875 -1.18166 
-3.09877 -0.217878 
-3.07228 0.747337 
-2.92419 2.21119 
-2.63175 3.62097 
-2.20593 4.84992 
-1.67448 5.69857 
-1.08438 6.00933 
-0.489872 5.81261 
0.069277 5.35163 
0.540156 4.08937 
0.893785 3.02128 
1.15202 2.17936 
1.33615 1.53176 
1.46325 1.03066 
1.54564 0.630686 
1.59146 0.293026 
1.60521 -0.0156567 
1.605 0.0113518 
