-1.5708 0 
-1.5812 -0.206379 
-1.60735 -0.31243 
-1.64267 -0.388106 
-1.68372 -0.426125 
-1.72652 -0.422952 
-1.76261 -0.293034 
-1.78419 -0.135105 
-1.7892 0.0356857 
-1.77716 0.203082 
-1.74923 0.35112 
-1.68966 0.830668 
-1.58578 1.2299 
-1.44768 1.50962 
-1.28873 1.64391 
-1.12402 1.62493 
-0.968508 1.46339 
-0.835279 1.18411 
-0.734558 0.818687 
-0.673341 0.39918 
-0.679842 -0.528532 
-0.765229 -1.17001 
-0.911179 -1.73128 
-1.10701 -2.15827 
-1.34659 -2.59642 
-1.61807 -2.78912 
-1.89538 -2.71246 
-2.17013 -2.74234 
-2.40945 -2.01482 
-2.56866 -1.15346 
-2.66668 -0.799055 
-2.70011 0.132774 
-2.64032 1.05879 
-2.49006 1.9331 
-2.25023 2.83619 
-1.93005 3.52223 
-1.55649 3.88893 
-1.16482 3.88192 
-0.79164 3.53122 
-0.46677 2.9351 
-0.208997 2.20655 
-0.0270313 1.42937 
0.0668943 0.44952 
0.0629494 -0.528464 
-0.0388818 -1.50844 
-0.238475 -2.47908 
-0.532679 -3.38714 
-0.910207 -4.12292 
-1.34668 -4.54222 
-1.80437 -4.53719 
-2.23988 -4.10916 
-2.60375 -3.1292 
-2.84949 -1.76969 
-2.95591 -0.354715 
-2.92019 1.06788 
-2.74317 2.46395 
-2.4288 3.79654 
-1.99206 4.88144 
-1.46693 5.53686 
-0.902332 5.67018 
-0.349811 5.32778 
0.157234 4.80544 
0.613592 4.34975 
0.989106 3.20466 
1.26318 2.31723 
1.45976 1.64576 
1.59769 1.13538 
1.69057 0.737162 
1.74753 0.411364 
1.77417 0.12566 
1.77307 -0.147857 
1.74412 -0.435717 
1.70754 -0.301731 
1.68279 -0.197291 
1.68476 0.236837 
1.6983 0.0362444 
1.69212 -0.160791 
1.69688 0.256765 
1.74431 0.699474 
1.80205 0.464492 
1.8387 0.274265 
1.85777 0.110217 
1.86109 -0.0433662 
1.84896 -0.201063 
1.82024 -0.377897 
1.77218 -0.59098 
1.72846 -0.290475 
1.70902 -0.101472 
1.70393 -0.00113166 
1.69863 -0.105574 
1.68526 -0.164007 
1.69073 0.274306 
1.74102 0.739512 
1.80189 0.487699 
1.84012 0.282881 
1.85937 0.105059 
1.86146 -0.0627933 
1.84661 -0.236601 
1.81339 -0.432946 
1.75835 -0.676696 
1.68038 -0.895292 
1.60821 -0.559875 
1.56657 -0.279761 
1.55134 -0.0273132 